50 330
35 500
57 420
80 450
60 320
138 350
28 220
90 500
50 450
32 180
120 500
75 450
130 250
75 280
60 450
70 350
57 270
34 290
45 340
35 350
100 350
97 500
85 450
114 420
30 150
46 300
84 500
50 270
25 300
18 340
35 280
95 350
32 270
83 500
75 450
80 490
100 400
85 450
47 380
52 260
50 425
82 430
43 270
30 260
55 350
29 200
35 260
35 230
37 170
30 200
35 220
28 200
30 140
32 150
32 150
108 450
35 210
50 240
29 140
30 180
29 140
30 180
38 250
74 450
87 420
82 480
35 230
70 500
35 500
30 350
44 300
75 300
42 380
72 340
32 350
40 500
45 240
43 280
140 500
112 350
112 350
35 350
120 450
35 200
96 300
50 450
50 450
60 500
60 450
80 400
90 500
73 340
95 500
54 300
50 430
33 180
35 190
58 450
50 240
37 260
28 200
110 430
35 230
90 500
31 220
125 500
125 450
58 370
55 500
31 240
47 350
105 480
48 280
75 400
40 300
60 280
100 400
30 250
70 280
34 240
30 270
30 270
80 400
40 260
58 370
55 390
105 480
30 400
56 330
38 220
67 440
154 400
45 180
25 220
95 480
47 260
32 180
25 150
65 480
30 230
22 150
22 150
30 180
30 180
30 160
32 160
31 190
38 180
35 180
40 230
40 220
30 200
45 180
35 150
28 175
28 165
27 170
30 250
30 200
35 170
28 175
35 250
32 160
30 150
31 160
35 180
30 150
35 200
26 150
30 160
30 170
37 200
37 200
30 150
28 170
33 180
20 150
30 400
100 480
30 200
25 170
30 200
27 220
30 230
25 150
30 220
35 150
30 160
30 190
30 220
30 190
35 180
30 220
35 250
22 150
28 150
30 170
35 170
30 170
32 170
28 170
30 180
30 210
35 280
28 170
27 160
31 170
35 150
32 200
95 400
31 170
25 180
31 170
38 220
30 280
120 500
30 190
37 220
38 220
40 250
37 180
32 250
87 400
44 300
27 200
30 230
35 240
35 240
32 180
28 180
30 200
40 230
30 200
38 200
30 190
34 180
30 150
85 400
30 200
42 300
35 280
40 250
52 300
35 230
32 180
60 280
26 200
60 230
100 300
30 240
30 250
168 350
110 370
35 140
106 450
65 320
50 200
65 500
83 400
80 350
123 450
32 350
68 420
50 300
130 500
100 350
30 300
160 450
45 180
50 350
80 90
82 480
41 320
35 250
50 500
50 400
110 400
110 500
100 200
120 500
115 420
60 500
115 400
70 430
100 300
40 180
70 300
35 170
60 270
65 400
57 500
85 500
45 350
50 400
44 220
130 450
32 260
95 500
30 250
40 230
25 350
56 360
27 280
55 240
52 230
61 290
40 300
44 300
140 500
80 250
27 320
50 350
26 230
62 270
75 400
40 120
123 450
163 500
106 450
90 300
123 450
20 170
25 170
73 450
35 280
94 480
60 400
52 300
40 290
60 350
40 50
85 310
130 500
42 350
25 190
45 500
35 200
72 500
45 350
50 380
70 500
67 380
52 450
79 480
95 500
27 170
46 290
31 180
25 270
50 480
130 390
41 180
57 300
130 450
75 480
150 500
40 160
58 450
90 500
53 280
45 280
26 170
45 200
35 250
35 210
38 210
30 160
50 350
72 340
40 200
160 400
123 450
123 450
53 250
95 350
33 180
45 230
30 170
30 200
40 220
65 350
32 150
40 200
32 180
28 160
30 160
29 160
45 180
30 230
65 200
30 200
50 350
25 170
50 250
55 250
50 280
32 250
90 500
90 380
65 500
50 230
60 280
30 180
53 320
105 400
37 180
36 230
46 180
45 240
45 240
47 180
40 250
30 220
37 260
30 220
45 250
61 260
42 250
30 220
55 250
52 260
120 480
78 450
56 500
56 500
50 250
45 230
32 170
90 400
73 350
52 400
35 280
70 270
32 230
30 230
30 220
45 250
42 220
30 250
30 230
95 500
58 330
32 230
40 240
30 220
70 300
65 310
45 280
100 330
123 450
121 230
55 330
69 190
120 280
65 450
65 350
83 400
80 300
85 350
48 240
49 250
47 230
70 380
55 320
32 220
38 260
50 450
70 400
60 500
75 350
70 500
56 250
70 350
28 150
95 450
50 220
30 170
38 250
75 240
130 420
62 330
70 500
35 220
110 475
65 350
78 400
49 350
33 180
30 170
47 260
110 500
62 450
72 350
75 330
90 400
170 500
165 400
30 140
32 150
37 170
32 150
28 200
30 200
35 230
70 240
35 250
100 300
120 500
48 280
45 250
75 250
200 200
80 300
136 450
60 220
55 240
150 450
78 480
18 400
91 330
65 300
73 290
75 450
55 300
60 400
55 350
66 200
50 280
50 220
65 350
28 180
70 500
80 300
96 300
33 500
33 210
43 170
38 250
100 500
80 300
120 430
80 400
85 380
85 360
70 370
167 350
30 180
62 250
55 170
70 450
50 270
45 300
60 260
107 400
88 470
45 300
50 320
96 350
40 190
35 160
40 170
35 150
30 150
35 150
25 150
35 200
57 275
40 220
50 250
35 190
20 180
75 350
65 300
69 400
38 250
54 300
67 450
28 200
38 250
107 450
110 475
40 320
35 300
65 500
40 450
35 170
100 450
30 330
46 180
80 500
100 380
75 350
60 250
50 250
120 500
55 300
155 500
75 450
30 250
45 280
40 220
42 320
56 380
68 400
70 420
95 450
75 460
55 420
87 450
90 400
45 220
27 180
55 270
70 170
93 300
27 230
59 450
45 250
150 500
33 170
50 260
35 300
50 500
30 200
33 380
70 250
70 430
70 320
52 220
120 450
70 420
30 150
40 250
90 350
65 350
85 370
70 240
50 280
30 190
200 500
50 450
100 400
50 230
45 350
62 300
115 320
50 500
45 200
35 260
55 500
75 350
44 210
28 140
100 400
40 150
40 150
45 230
50 180
80 500
80 450
55 450
20 450
38 220
38 220
33 170
40 420
40 200
54 270
85 400
67 350
43 240
40 170
46 250
120 500
50 270
42 300
85 150
100 180
140 300
60 420
55 280
60 450
136 450
45 200
53 500
30 180
30 180
29 200
80 300
19 250
28 130
80 350
67 350
60 380
90 250
49 350
50 270
35 200
75 270
90 400
60 270
50 350
127 500
110 500
110 475
30 250
80 200
45 450
70 400
92 480
90 500
65 260
50 220
60 420
82 350
30 210
75 400
80 500
50 250
135 450
55 400
45 220
46 280
65 260
55 350
36 320
50 250
27 200
140 500
79 320
37 150
33 200
80 400
110 300
110 300
60 500
60 400
50 330
80 350
80 350
30 300
25 130
150 500
120 300
38 180
100 400
120 370
60 400
45 200
45 370
48 300
48 340
50 250
81 300
58 350
55 350
90 450
45 350
180 500
110 470
62 330
80 380
150 500
150 500
52 360
63 350
40 400
38 180
80 500
80 500
27 250
65 300
90 500
40 200
85 500
150 400
50 400
50 320
60 450
35 200
70 295
30 240
28 170
50 390
35 340
50 350
30 190
85 350
100 350
60 180
38 250
65 250
25 430
31 170
31 230
84 500
135 500
110 500
45 280
80 100
140 100
100 300
32 250
70 250
50 450
27 200
60 200
80 250
35 140
120 350
76 300
40 250
55 300
40 450
47 350
95 350
45 350
45 450
87 330
30 220
60 290
70 360
50 200
70 50
50 300
80 350
64 400
64 400
150 480
100 300
65 350
35 200
85 320
45 260
120 500
50 440
30 220
55 350
50 350
70 400
95 470
100 450
90 340
80 400
25 250
64 300
70 450
45 250
60 280
50 230
60 280
60 350
60 350
70 480
140 400
80 200
45 300
20 350
80 500
76 440
68 310
35 170
130 500
45 130
82 280
60 400
75 270
60 380
45 200
85 300
80 450
100 300
130 450
32 190
135 400
28 170
70 420
36 180
50 270
50 400
34 180
60 350
80 300
90 380
60 350
60 350
87 480
95 285
50 330
35 200
110 250
15 150
27 200
90 500
40 500
85 280
100 500
110 500
100 500
27 150
40 180
37 330
40 180
30 200
61 360
105 475
65 400
32 120
85 200
78 400
42 350
60 280
35 190
50 300
55 320
25 150
60 250
27 280
45 250
50 350
55 370
26 180
40 250
80 335
180 500
60 350
55 300
40 350
95 450
68 450
34 300
92 500
45 280
45 380
47 220
90 450
56 270
34 330
85 380
60 300
35 220
42 270
24 200
30 180
33 200
35 190
35 180
30 220
35 220
28 220
28 180
32 200
30 240
100 400
30 200
25 130
70 449
53 200
48 190
50 400
35 280
35 280
35 280
45 300
45 320
50 250
55 280
88 365
44 270
65 450
40 220
82 500
52 220
45 500
56 400
28 170
55 300
60 300
33 180
65 295
40 200
90 330
60 450
88 290
30 300
45 300
33 130
40 160
38 100
55 250
40 270
25 300
32 250
34 190
60 200
70 370
90 320
27 320
57 220
90 350
90 350
58 450
75 400
100 450
50 500
75 480
65 400
130 500
25 180
110 240
50 190
54 350
50 350
30 300
52 350
110 430
40 200
60 280
86 400
80 350
100 200
40 400
135 350
80 250
80 250
70 320
35 320
118 500
52 470
50 200
50 200
85 230
85 230
60 380
33 210
54 180
48 400
20 160
25 280
50 350
30 350
90 250
50 450
85 350
100 500
80 500
80 500
105 450
80 450
100 500
33 170
50 200
40 250
70 450
170 400
85 380
29 260
85 450
30 260
30 150
36 180
25 170
21 250
22 250
80 490
90 300
87 480
50 450
105 380
34 330
110 500
33 330
45 170
50 350
80 500
27 320
110 260
25 280
28 280
26 150
36 220
35 180
36 220
40 170
52 180
25 190
40 250
45 200
70 230
80 500
55 320
55 320
40 300
100 330
30 250
60 250
90 450
87 270
58 500
55 350
85 350
45 300
40 250
56 300
120 400
40 230
27 260
65 450
90 500
72 70
30 380
90 370
65 500
55 280
175 400
53 220
76 350
110 450
110 380
60 250
25 150
80 500
65 400
105 500
150 450
55 300
30 230
70 252
50 450
100 500
160 299
68 450
75 400
40 450
40 200
140 500
47 230
32 60
90 500
110 300
40 350
35 180
75 500
38 170
81 350
70 420
80 420
85 420
70 420
70 420
70 420
70 420
65 455
90 420
25 483
25 483
60 336
70 420
35 240
70 500
70 260
45 300
50 400
45 450
150 450
60 320
60 450
120 500
80 450
115 350
70 400
76 400
70 400
70 400
105 250
100 400
135 500
60 160
115 70
30 50
45 400
60 480
100 250
70 150
65 400
55 500
57 300
60 190
90 420
68 50
70 500
150 500
55 420
37 245
80 300
65 300
100 350
130 350
70 300
150 300
75 270
47 250
60 400
70 330
80 450
40 350
75 400
83 400
48 200
75 270
80 250
80 280
35 250
150 230
33 180
20 170
150 230
34 150
100 230
90 320
67 250
30 170
40 200
24 200
50 400
75 200
85 300
100 300
42 170
33 120
50 200
70 200
35 170
120 270
70 370
40 230
30 150
65 400
60 500
50 230
40 200
30 150
30 130
30 200
60 180
40 240
60 240
130 400
30 240
40 270
55 290
75 250
40 100
150 500
35 130
120 200
110 100
67 260
80 300
40 300
45 300
40 300
100 450
80 500
25 280
80 290
90 250
30 200
43 320
85 400
60 400
50 250
120 200
40 220
50 50
80 220
130 500
50 390
95 300
180 500
60 270
45 220
67 260
54 500
30 250
40 300
80 500
70 300
70 350
140 150
35 300
120 300
60 400
40 200
60 400
65 220
55 220
45 220
85 400
50 250
65 350
40 300
50 300
150 300
76 380
40 100
40 220
60 300
115 380
50 330
45 320
52 230
96 450
43 160
40 200
75 300
55 270
105 280
60 270
85 350
30 200
40 200
50 350
80 350
25 170
65 200
70 250
35 130
70 250
80 280
160 300
120 400
70 250
30 180
49 320
40 310
80 250
80 380
35 180
90 280
110 400
120 150
80 320
70 280
80 250
190 500
160 500
30 300
62 280
95 280
50 250
50 250
55 280
35 250
160 500
57 300
70 300
100 350
70 300
90 300
55 290
55 290
100 400
130 500
70 250
100 330
160 300
160 300
65 350
50 300
55 220
95 250
95 350
55 220
25 200
150 400
40 200
45 220
60 350
140 450
50 200
40 180
85 350
65 400
79 340
30 170
29 160
150 500
60 380
30 350
50 200
80 350
80 500
110 400
85 270
100 300
55 300
55 280
100 320
65 300
90 350
40 200
65 300
60 330
45 250
80 350
30 150
110 450
50 200
95 380
60 290
45 300
120 400
50 250
125 450
100 430
60 250
136 500
62 270
37 250
100 400
100 350
125 450
55 280
50 350
70 350
95 500
35 60
80 350
75 300
125 380
80 260
50 230
85 300
50 250
82 500
90 450
80 300
100 350
43 250
74 280
25 200
80 300
80 400
110 400
35 200
125 400
75 350
100 400
80 300
52 260
110 480
130 500
50 330
110 400
41 250
85 400
110 450
85 350
106 450
86 350
50 300
90 400
50 300
50 300
85 400
85 330
100 400
60 280
38 200
55 300
23 230
75 250
85 300
57 400
30 250
105 350
55 150
60 400
105 450
55 270
55 260
43 200
80 300
43 270
67 260
90 250
28 220
28 220
140 300
40 320
94 450
80 420
25 120
55 250
80 330
85 380
90 500
70 250
100 400
150 300
35 180
28 150
55 350
87 400
55 300
100 300
30 100
86 350
76 300
95 350
78 330
50 300
150 400
80 400
60 280
45 250
65 400
60 280
65 400
60 400
45 180
45 250
100 450
65 400
65 400
86 300
74 350
85 400
77 300
65 400
43 300
55 300
86 300
100 450
100 450
97 350
85 450
75 420
100 450
110 500
65 400
65 350
70 400
55 300
40 350
120 500
55 300
100 450
67 280
70 350
70 350
43 290
117 500
74 450
93 380
93 380
160 500
90 500
45 250
115 300
80 300
70 350
80 390
60 300
60 280
85 300
44 270
20 150
79 300
30 300
55 140
55 110
65 250
100 420
45 300
43 220
220 500
90 350
54 300
40 300
80 350
65 250
114 400
80 350
60 400
90 400
90 500
74 450
85 400
36 250
